[gd_scene load_steps=8 format=3 uid="uid://dcvo5ah70qi2a"]

[ext_resource type="Script" path="res://plugins/free_look_camera.gd" id="1_7mt0k"]
[ext_resource type="PackedScene" uid="uid://bayeondowqkqd" path="res://core/playfield.tscn" id="2_mx5vv"]
[ext_resource type="PackedScene" uid="uid://bw4hhnrj7m1jh" path="res://utilities/debug_tools/debug_ball_spawner.tscn" id="3_64lxw"]

[sub_resource type="ProceduralSkyMaterial" id="ProceduralSkyMaterial_yc56g"]

[sub_resource type="Sky" id="Sky_r0yw6"]
sky_material = SubResource("ProceduralSkyMaterial_yc56g")

[sub_resource type="Environment" id="Environment_cupc5"]
background_mode = 2
background_energy_multiplier = 2.9
sky = SubResource("Sky_r0yw6")

[sub_resource type="CameraAttributesPractical" id="CameraAttributesPractical_rw54l"]

[node name="Cabinet" type="Node3D"]

[node name="WorldEnvironment" type="WorldEnvironment" parent="."]
environment = SubResource("Environment_cupc5")
camera_attributes = SubResource("CameraAttributesPractical_rw54l")

[node name="DirectionalLight3D" type="DirectionalLight3D" parent="."]
transform = Transform3D(0.964465, -0.233861, 0.122947, 3.72529e-09, 0.465336, 0.885134, -0.26421, -0.853681, 0.448801, 11.9036, 9.2405, 27.6133)
shadow_enabled = true

[node name="DirectionalLight3D2" type="DirectionalLight3D" parent="."]
transform = Transform3D(-0.636536, 0.687226, -0.35006, 0.331503, 0.653615, 0.680362, 0.696368, 0.317029, -0.643867, -14.7454, 18.1532, -21.8679)
light_energy = 0.5

[node name="Camera3D" type="Camera3D" parent="."]
transform = Transform3D(0.999533, -0.0182679, 0.0244635, 0, 0.801252, 0.598326, -0.0305316, -0.598047, 0.800879, -0.789459, 7.75366, 21.8719)
script = ExtResource("1_7mt0k")
speed_scale = 10.0

[node name="Playfield" parent="." instance=ExtResource("2_mx5vv")]
transform = Transform3D(1, 0, 0, 0, 0.994522, -0.104528, 0, 0.104528, 0.994522, 0, 0, 0)

[node name="DebugBallSpawner" parent="Playfield" instance=ExtResource("3_64lxw")]
