[gd_scene load_steps=14 format=3 uid="uid://bayeondowqkqd"]

[ext_resource type="PackedScene" uid="uid://cgdjulw3q7axd" path="res://elements/pop_bumper/pop_bumper.tscn" id="1_f5eqv"]
[ext_resource type="PhysicsMaterial" uid="uid://bo7u6shd5wfl5" path="res://materials/steel_ball.tres" id="2_eidaq"]
[ext_resource type="PackedScene" uid="uid://dxy60i7pcq7a6" path="res://elements/flipper/flipper.tscn" id="2_mgsmm"]
[ext_resource type="PackedScene" uid="uid://d1roo8csw0bth" path="res://elements/ball.tscn" id="3_41a5t"]
[ext_resource type="PhysicsMaterial" uid="uid://ydksrqsoe6i2" path="res://materials/rubber.tres" id="4_mvdtb"]
[ext_resource type="PackedScene" uid="uid://c1js3s3yg7oda" path="res://elements/spinner/spinner.tscn" id="6_xf1jd"]
[ext_resource type="PackedScene" uid="uid://b6lutlv2hiprv" path="res://elements/drop_target/drop_target.tscn" id="7_8xye6"]

[sub_resource type="PhysicsMaterial" id="PhysicsMaterial_70fuv"]
friction = 0.1

[sub_resource type="StandardMaterial3D" id="StandardMaterial3D_hsyfl"]
albedo_color = Color(0.34902, 0.176471, 0.0705882, 1)
clearcoat_enabled = true
clearcoat = 0.2
clearcoat_roughness = 0.25

[sub_resource type="BoxMesh" id="BoxMesh_gwcmk"]
material = SubResource("StandardMaterial3D_hsyfl")
size = Vector3(2, 0.1, 3)

[sub_resource type="BoxShape3D" id="BoxShape3D_mcn0f"]
size = Vector3(6.32393, 0.1, 6.43483)

[sub_resource type="BoxMesh" id="BoxMesh_khepc"]
size = Vector3(2, 1, 0.2)

[sub_resource type="BoxShape3D" id="BoxShape3D_v4p8v"]
size = Vector3(2, 1, 0.2)

[node name="Playfield" type="StaticBody3D"]
collision_layer = 4
collision_mask = 0
physics_material_override = SubResource("PhysicsMaterial_70fuv")

[node name="SurfaceMesh" type="MeshInstance3D" parent="."]
transform = Transform3D(2.38836, 0, 0, 0, 1, 0, 0, 0, 2.03051, 0, 0, 0)
mesh = SubResource("BoxMesh_gwcmk")

[node name="SurfaceCollisionShape" type="CollisionShape3D" parent="."]
shape = SubResource("BoxShape3D_mcn0f")

[node name="Ball" parent="." instance=ExtResource("3_41a5t")]
transform = Transform3D(1, 0, 0, 0, 1, 0, 0, 0, 1, -0.192616, 0.16, -0.602327)
physics_material_override = ExtResource("2_eidaq")

[node name="PopBumper" parent="." instance=ExtResource("1_f5eqv")]
transform = Transform3D(1, 0, 0, 0, 1, 0, 0, 0, 1, 0.28412, 0.2, -0.0413771)

[node name="PopBumper2" parent="." instance=ExtResource("1_f5eqv")]
transform = Transform3D(1, 0, 0, 0, 1, 0, 0, 0, 1, 0.679025, 0.2, 0.692683)

[node name="PopBumper3" parent="." instance=ExtResource("1_f5eqv")]
transform = Transform3D(1, 0, 0, 0, 1, 0, 0, 0, 1, -0.156042, 0.2, 0.670654)

[node name="Flipper" parent="." instance=ExtResource("2_mgsmm")]
transform = Transform3D(0.847733, 0, -0.530422, 0, 1, 0, 0.530422, 0, 0.847733, -1.1768, 0.129999, 2.40253)

[node name="Flipper2" parent="." instance=ExtResource("2_mgsmm")]
transform = Transform3D(-0.83479, -7.29797e-08, 0.550568, 8.74228e-08, -1, -3.00288e-15, 0.550568, 4.81322e-08, 0.83479, -0.215677, 0.13, 2.41244)
flipper_side = "right"

[node name="RigidBody3D" type="StaticBody3D" parent="."]
transform = Transform3D(1, 0, 0, 0, 1, 0, 0, 0, 1, -0.883051, 0.55, -1.36137)
collision_layer = 2
collision_mask = 0
physics_material_override = ExtResource("4_mvdtb")

[node name="MeshInstance3D" type="MeshInstance3D" parent="RigidBody3D"]
mesh = SubResource("BoxMesh_khepc")

[node name="CollisionShape3D" type="CollisionShape3D" parent="RigidBody3D"]
shape = SubResource("BoxShape3D_v4p8v")

[node name="RigidBody3D2" type="StaticBody3D" parent="."]
transform = Transform3D(0.847733, 0, -0.530422, 0, 1, 0, 0.530422, 0, 0.847733, -2.11901, -0.233514, 1.84249)
collision_layer = 2
collision_mask = 0
physics_material_override = ExtResource("4_mvdtb")

[node name="MeshInstance3D" type="MeshInstance3D" parent="RigidBody3D2"]
mesh = SubResource("BoxMesh_khepc")

[node name="CollisionShape3D" type="CollisionShape3D" parent="RigidBody3D2"]
shape = SubResource("BoxShape3D_v4p8v")

[node name="RigidBody3D6" type="StaticBody3D" parent="."]
transform = Transform3D(0.474595, 0, 0.880204, 0, 1, 0, -0.880204, 0, 0.474595, -2.4833, -0.233514, -1.28776)
collision_layer = 2
collision_mask = 0
physics_material_override = ExtResource("4_mvdtb")

[node name="MeshInstance3D" type="MeshInstance3D" parent="RigidBody3D6"]
mesh = SubResource("BoxMesh_khepc")

[node name="CollisionShape3D" type="CollisionShape3D" parent="RigidBody3D6"]
shape = SubResource("BoxShape3D_v4p8v")

[node name="RigidBody3D7" type="StaticBody3D" parent="."]
transform = Transform3D(0.934658, 0, -0.355547, 0, 1, 0, 0.355547, 0, 0.934658, 1.06824, -0.233514, -1.07353)
collision_layer = 2
collision_mask = 0
physics_material_override = ExtResource("4_mvdtb")

[node name="MeshInstance3D" type="MeshInstance3D" parent="RigidBody3D7"]
mesh = SubResource("BoxMesh_khepc")

[node name="CollisionShape3D" type="CollisionShape3D" parent="RigidBody3D7"]
shape = SubResource("BoxShape3D_v4p8v")

[node name="RigidBody3D3" type="StaticBody3D" parent="."]
transform = Transform3D(0.83479, 0, 0.550568, 0, 1, 0, -0.550568, 0, 0.83479, 0.72955, -0.233513, 1.81973)
collision_layer = 2
collision_mask = 0
physics_material_override = ExtResource("4_mvdtb")

[node name="MeshInstance3D" type="MeshInstance3D" parent="RigidBody3D3"]
transform = Transform3D(1, 0, 2.98023e-08, 0, 1, 0, -2.98023e-08, 0, 1, 0, 0, 0)
mesh = SubResource("BoxMesh_khepc")

[node name="CollisionShape3D" type="CollisionShape3D" parent="RigidBody3D3"]
shape = SubResource("BoxShape3D_v4p8v")

[node name="RigidBody3D4" type="StaticBody3D" parent="."]
transform = Transform3D(0.0368704, 0, 0.99932, 0, 1, 0, -0.99932, 0, 0.0368704, 2.01294, -0.233513, 0.237698)
collision_layer = 2
collision_mask = 0
physics_material_override = ExtResource("4_mvdtb")

[node name="MeshInstance3D" type="MeshInstance3D" parent="RigidBody3D4"]
mesh = SubResource("BoxMesh_khepc")

[node name="CollisionShape3D" type="CollisionShape3D" parent="RigidBody3D4"]
shape = SubResource("BoxShape3D_v4p8v")

[node name="RigidBody3D5" type="StaticBody3D" parent="."]
transform = Transform3D(0.0368704, 0, 0.99932, 0, 1, 0, -0.99932, 0, 0.0368704, -2.43538, -0.233513, 0.646788)
collision_layer = 2
collision_mask = 0
physics_material_override = ExtResource("4_mvdtb")

[node name="MeshInstance3D" type="MeshInstance3D" parent="RigidBody3D5"]
mesh = SubResource("BoxMesh_khepc")

[node name="CollisionShape3D" type="CollisionShape3D" parent="RigidBody3D5"]
shape = SubResource("BoxShape3D_v4p8v")

[node name="Spinner" parent="." instance=ExtResource("6_xf1jd")]
transform = Transform3D(1, 0, 0, 0, 1, 0, 0, 0, 1, -1.28458, 0.267728, 0.0818031)

[node name="DropTarget" parent="." instance=ExtResource("7_8xye6")]
transform = Transform3D(1, 0, 0, 0, 1, 0, 0, 0, 1, -0.784124, 0.25, 1.45579)
